(kicad_pcb (version 20171130) (host pcbnew "(5.0.0)")

  (general
    (thickness 1.6)
    (drawings 20)
    (tracks 334)
    (zones 0)
    (modules 152)
    (nets 158)
  )

  (page A4)
  (layers
    (0 F.Cu signal)
    (31 B.Cu signal)
    (32 B.Adhes user)
    (33 F.Adhes user)
    (34 B.Paste user)
    (35 F.Paste user)
    (36 B.SilkS user)
    (37 F.SilkS user)
    (38 B.Mask user)
    (39 F.Mask user)
    (40 Dwgs.User user)
    (41 Cmts.User user)
    (42 Eco1.User user)
    (43 Eco2.User user)
    (44 Edge.Cuts user)
    (45 Margin user)
    (46 B.CrtYd user)
    (47 F.CrtYd user)
    (48 B.Fab user hide)
    (49 F.Fab user hide)
  )

  (setup
    (last_trace_width 0.25)
    (trace_clearance 0.25)
    (zone_clearance 0.25)
    (zone_45_only no)
    (trace_min 0.2)
    (segment_width 0.2)
    (edge_width 0.1)
    (via_size 0.7)
    (via_drill 0.3)
    (via_min_size 0.4)
    (via_min_drill 0.3)
    (uvia_size 0.3)
    (uvia_drill 0.1)
    (uvias_allowed no)
    (uvia_min_size 0.2)
    (uvia_min_drill 0.1)
    (pcb_text_width 0.3)
    (pcb_text_size 1.5 1.5)
    (mod_edge_width 0.15)
    (mod_text_size 1 1)
    (mod_text_width 0.15)
    (pad_size 1.5 1.5)
    (pad_drill 0.6)
    (pad_to_mask_clearance 0)
    (aux_axis_origin 0 0)
    (visible_elements 7FFFFFFF)
    (pcbplotparams
      (layerselection 0x010fc_ffffffff)
      (usegerberextensions false)
      (usegerberattributes false)
      (usegerberadvancedattributes false)
      (creategerberjobfile false)
      (excludeedgelayer true)
      (linewidth 0.100000)
      (plotframeref false)
      (viasonmask false)
      (mode 1)
      (useauxorigin false)
      (hpglpennumber 1)
      (hpglpenspeed 20)
      (hpglpendiameter 15.000000)
      (psnegative false)
      (psa4output false)
      (plotreference true)
      (plotvalue true)
      (plotinvisibletext false)
      (padsonsilk false)
      (subtractmaskfromsilk false)
      (outputformat 1)
      (mirror false)
      (drillshape 1)
      (scaleselection 1)
      (outputdirectory ""))
  )

  (net 0 "")
  (net 1 +BATT)
  (net 2 GND)
  (net 3 "Net-(C1-Pad1)")
  (net 4 VCC)
  (net 5 VDDA)
  (net 6 "Net-(C7-Pad1)")
  (net 7 "Net-(C8-Pad1)")
  (net 8 "Net-(C9-Pad1)")
  (net 9 "Net-(C10-Pad1)")
  (net 10 /~NRST)
  (net 11 "Net-(C12-Pad2)")
  (net 12 "Net-(C12-Pad1)")
  (net 13 GNDPWR)
  (net 14 +8V)
  (net 15 "Net-(C14-Pad1)")
  (net 16 +6V)
  (net 17 "Net-(C19-Pad1)")
  (net 18 /Power/~OFF)
  (net 19 "Net-(D1-Pad4)")
  (net 20 /INIT)
  (net 21 "Net-(D1-Pad1)")
  (net 22 "Net-(D1-Pad3)")
  (net 23 "Net-(D3-Pad3)")
  (net 24 /LED0)
  (net 25 /LED1)
  (net 26 "Net-(D3-Pad4)")
  (net 27 "Net-(D4-Pad4)")
  (net 28 /LED3)
  (net 29 /LED2)
  (net 30 "Net-(D4-Pad3)")
  (net 31 "Net-(D5-Pad4)")
  (net 32 /LED5)
  (net 33 /LED4)
  (net 34 "Net-(D5-Pad3)")
  (net 35 "Net-(D6-Pad3)")
  (net 36 /LED6)
  (net 37 /LED7)
  (net 38 "Net-(D6-Pad4)")
  (net 39 "Net-(D7-Pad4)")
  (net 40 /LED9)
  (net 41 /LED8)
  (net 42 "Net-(D7-Pad3)")
  (net 43 "Net-(D8-Pad3)")
  (net 44 /LED10)
  (net 45 /LED11)
  (net 46 "Net-(D8-Pad4)")
  (net 47 /TRIG)
  (net 48 /ECHO)
  (net 49 "Net-(J2-Pad1)")
  (net 50 "Net-(J2-Pad2)")
  (net 51 "Net-(J2-Pad3)")
  (net 52 "Net-(J2-Pad4)")
  (net 53 /TCK)
  (net 54 /TMS)
  (net 55 /TDI)
  (net 56 /TDO)
  (net 57 /~TRST)
  (net 58 /LEG0)
  (net 59 /Leg0/PWR)
  (net 60 /LEG1)
  (net 61 /LEG2)
  (net 62 /LEG3)
  (net 63 /Leg1/PWR)
  (net 64 /LEG4)
  (net 65 /LEG5)
  (net 66 /Leg2/PWR)
  (net 67 /LEG6)
  (net 68 /LEG7)
  (net 69 /LEG8)
  (net 70 /Leg3/PWR)
  (net 71 /LEG9)
  (net 72 /LEG10)
  (net 73 /LEG11)
  (net 74 /Leg4/PWR)
  (net 75 /LEG12)
  (net 76 /LEG13)
  (net 77 /LEG14)
  (net 78 /LEG15)
  (net 79 /Leg5/PWR)
  (net 80 /LEG16)
  (net 81 /LEG17)
  (net 82 "Net-(Q1-Pad3)")
  (net 83 "Net-(Q1-Pad1)")
  (net 84 "Net-(Q2-Pad1)")
  (net 85 "Net-(Q2-Pad3)")
  (net 86 "Net-(Q3-Pad1)")
  (net 87 /CLER)
  (net 88 "Net-(Q4-Pad4)")
  (net 89 "Net-(R1-Pad2)")
  (net 90 /WKUP)
  (net 91 "Net-(R3-Pad1)")
  (net 92 /DISC)
  (net 93 /~OUEN)
  (net 94 /DP)
  (net 95 /DM)
  (net 96 "Net-(R11-Pad1)")
  (net 97 /BTTX)
  (net 98 /BTRX)
  (net 99 "Net-(R12-Pad1)")
  (net 100 /~BTON)
  (net 101 /~CLER)
  (net 102 "Net-(R21-Pad2)")
  (net 103 /EN)
  (net 104 "Net-(R24-Pad2)")
  (net 105 "Net-(TP1-Pad1)")
  (net 106 /CURR0)
  (net 107 /CURR1)
  (net 108 /CURR2)
  (net 109 /CURR3)
  (net 110 /SHCL)
  (net 111 /SHDT)
  (net 112 /CURR4)
  (net 113 /CURR5)
  (net 114 "Net-(U1-Pad20)")
  (net 115 /STCL)
  (net 116 "Net-(U1-Pad25)")
  (net 117 "Net-(U1-Pad27)")
  (net 118 "Net-(U1-Pad42)")
  (net 119 "Net-(U1-Pad43)")
  (net 120 "Net-(U1-Pad46)")
  (net 121 "Net-(U2-Pad34)")
  (net 122 "Net-(U2-Pad33)")
  (net 123 "Net-(U2-Pad32)")
  (net 124 "Net-(U2-Pad31)")
  (net 125 "Net-(U2-Pad30)")
  (net 126 "Net-(U2-Pad29)")
  (net 127 "Net-(U2-Pad28)")
  (net 128 "Net-(U2-Pad27)")
  (net 129 "Net-(U2-Pad26)")
  (net 130 "Net-(U2-Pad25)")
  (net 131 "Net-(U2-Pad23)")
  (net 132 "Net-(U2-Pad20)")
  (net 133 "Net-(U2-Pad19)")
  (net 134 "Net-(U2-Pad18)")
  (net 135 "Net-(U2-Pad17)")
  (net 136 "Net-(U2-Pad16)")
  (net 137 "Net-(U2-Pad15)")
  (net 138 "Net-(U2-Pad14)")
  (net 139 "Net-(U2-Pad11)")
  (net 140 "Net-(U2-Pad10)")
  (net 141 "Net-(U2-Pad9)")
  (net 142 "Net-(U2-Pad8)")
  (net 143 "Net-(U2-Pad7)")
  (net 144 "Net-(U2-Pad6)")
  (net 145 "Net-(U2-Pad5)")
  (net 146 "Net-(U2-Pad4)")
  (net 147 "Net-(U2-Pad3)")
  (net 148 /RCLK)
  (net 149 "Net-(U3-Pad1)")
  (net 150 "Net-(U4-Pad4)")
  (net 151 "Net-(U4-Pad5)")
  (net 152 "Net-(U4-Pad6)")
  (net 153 "Net-(U5-Pad9)")
  (net 154 "Net-(U6-Pad9)")
  (net 155 "Net-(U7-Pad9)")
  (net 156 "Net-(U7-Pad15)")
  (net 157 "Net-(U8-Pad9)")

  (net_class Default "Это класс цепей по умолчанию."
    (clearance 0.25)
    (trace_width 0.25)
    (via_dia 0.7)
    (via_drill 0.3)
    (uvia_dia 0.3)
    (uvia_drill 0.1)
    (add_net +6V)
    (add_net +8V)
    (add_net +BATT)
    (add_net /BTRX)
    (add_net /BTTX)
    (add_net /CLER)
    (add_net /CURR0)
    (add_net /CURR1)
    (add_net /CURR2)
    (add_net /CURR3)
    (add_net /CURR4)
    (add_net /CURR5)
    (add_net /DISC)
    (add_net /DM)
    (add_net /DP)
    (add_net /ECHO)
    (add_net /EN)
    (add_net /INIT)
    (add_net /LED0)
    (add_net /LED1)
    (add_net /LED10)
    (add_net /LED11)
    (add_net /LED2)
    (add_net /LED3)
    (add_net /LED4)
    (add_net /LED5)
    (add_net /LED6)
    (add_net /LED7)
    (add_net /LED8)
    (add_net /LED9)
    (add_net /LEG0)
    (add_net /LEG1)
    (add_net /LEG10)
    (add_net /LEG11)
    (add_net /LEG12)
    (add_net /LEG13)
    (add_net /LEG14)
    (add_net /LEG15)
    (add_net /LEG16)
    (add_net /LEG17)
    (add_net /LEG2)
    (add_net /LEG3)
    (add_net /LEG4)
    (add_net /LEG5)
    (add_net /LEG6)
    (add_net /LEG7)
    (add_net /LEG8)
    (add_net /LEG9)
    (add_net /Leg0/PWR)
    (add_net /Leg1/PWR)
    (add_net /Leg2/PWR)
    (add_net /Leg3/PWR)
    (add_net /Leg4/PWR)
    (add_net /Leg5/PWR)
    (add_net /Power/~OFF)
    (add_net /RCLK)
    (add_net /SHCL)
    (add_net /SHDT)
    (add_net /STCL)
    (add_net /TCK)
    (add_net /TDI)
    (add_net /TDO)
    (add_net /TMS)
    (add_net /TRIG)
    (add_net /WKUP)
    (add_net /~BTON)
    (add_net /~CLER)
    (add_net /~NRST)
    (add_net /~OUEN)
    (add_net /~TRST)
    (add_net GND)
    (add_net GNDPWR)
    (add_net "Net-(C1-Pad1)")
    (add_net "Net-(C10-Pad1)")
    (add_net "Net-(C12-Pad1)")
    (add_net "Net-(C12-Pad2)")
    (add_net "Net-(C14-Pad1)")
    (add_net "Net-(C19-Pad1)")
    (add_net "Net-(C7-Pad1)")
    (add_net "Net-(C8-Pad1)")
    (add_net "Net-(C9-Pad1)")
    (add_net "Net-(D1-Pad1)")
    (add_net "Net-(D1-Pad3)")
    (add_net "Net-(D1-Pad4)")
    (add_net "Net-(D3-Pad3)")
    (add_net "Net-(D3-Pad4)")
    (add_net "Net-(D4-Pad3)")
    (add_net "Net-(D4-Pad4)")
    (add_net "Net-(D5-Pad3)")
    (add_net "Net-(D5-Pad4)")
    (add_net "Net-(D6-Pad3)")
    (add_net "Net-(D6-Pad4)")
    (add_net "Net-(D7-Pad3)")
    (add_net "Net-(D7-Pad4)")
    (add_net "Net-(D8-Pad3)")
    (add_net "Net-(D8-Pad4)")
    (add_net "Net-(J2-Pad1)")
    (add_net "Net-(J2-Pad2)")
    (add_net "Net-(J2-Pad3)")
    (add_net "Net-(J2-Pad4)")
    (add_net "Net-(Q1-Pad1)")
    (add_net "Net-(Q1-Pad3)")
    (add_net "Net-(Q2-Pad1)")
    (add_net "Net-(Q2-Pad3)")
    (add_net "Net-(Q3-Pad1)")
    (add_net "Net-(Q4-Pad4)")
    (add_net "Net-(R1-Pad2)")
    (add_net "Net-(R11-Pad1)")
    (add_net "Net-(R12-Pad1)")
    (add_net "Net-(R21-Pad2)")
    (add_net "Net-(R24-Pad2)")
    (add_net "Net-(R3-Pad1)")
    (add_net "Net-(TP1-Pad1)")
    (add_net "Net-(U1-Pad20)")
    (add_net "Net-(U1-Pad25)")
    (add_net "Net-(U1-Pad27)")
    (add_net "Net-(U1-Pad42)")
    (add_net "Net-(U1-Pad43)")
    (add_net "Net-(U1-Pad46)")
    (add_net "Net-(U2-Pad10)")
    (add_net "Net-(U2-Pad11)")
    (add_net "Net-(U2-Pad14)")
    (add_net "Net-(U2-Pad15)")
    (add_net "Net-(U2-Pad16)")
    (add_net "Net-(U2-Pad17)")
    (add_net "Net-(U2-Pad18)")
    (add_net "Net-(U2-Pad19)")
    (add_net "Net-(U2-Pad20)")
    (add_net "Net-(U2-Pad23)")
    (add_net "Net-(U2-Pad25)")
    (add_net "Net-(U2-Pad26)")
    (add_net "Net-(U2-Pad27)")
    (add_net "Net-(U2-Pad28)")
    (add_net "Net-(U2-Pad29)")
    (add_net "Net-(U2-Pad3)")
    (add_net "Net-(U2-Pad30)")
    (add_net "Net-(U2-Pad31)")
    (add_net "Net-(U2-Pad32)")
    (add_net "Net-(U2-Pad33)")
    (add_net "Net-(U2-Pad34)")
    (add_net "Net-(U2-Pad4)")
    (add_net "Net-(U2-Pad5)")
    (add_net "Net-(U2-Pad6)")
    (add_net "Net-(U2-Pad7)")
    (add_net "Net-(U2-Pad8)")
    (add_net "Net-(U2-Pad9)")
    (add_net "Net-(U3-Pad1)")
    (add_net "Net-(U4-Pad4)")
    (add_net "Net-(U4-Pad5)")
    (add_net "Net-(U4-Pad6)")
    (add_net "Net-(U5-Pad9)")
    (add_net "Net-(U6-Pad9)")
    (add_net "Net-(U7-Pad15)")
    (add_net "Net-(U7-Pad9)")
    (add_net "Net-(U8-Pad9)")
    (add_net VCC)
    (add_net VDDA)
  )

  (module MountingHole:MountingHole_2.2mm_M2_Pad_Via (layer F.Cu) (tedit 5B9E15F5) (tstamp 5B9F5FFB)
    (at 192.5 77.5)
    (descr "Mounting Hole 2.2mm, M2")
    (tags "mounting hole 2.2mm m2")
    (attr virtual)
    (fp_text reference REF** (at 0 -3.2) (layer F.SilkS) hide
      (effects (font (size 1 1) (thickness 0.15)))
    )
    (fp_text value MountingHole_2.2mm_M2_Pad_Via (at 0 3.2) (layer F.Fab)
      (effects (font (size 1 1) (thickness 0.15)))
    )
    (fp_circle (center 0 0) (end 2.45 0) (layer F.CrtYd) (width 0.05))
    (fp_circle (center 0 0) (end 2.2 0) (layer Cmts.User) (width 0.15))
    (fp_text user %R (at 0.3 0) (layer F.Fab)
      (effects (font (size 1 1) (thickness 0.15)))
    )
    (pad 1 thru_hole circle (at 1.166726 -1.166726) (size 0.7 0.7) (drill 0.4) (layers *.Cu *.Mask))
    (pad 1 thru_hole circle (at 0 -1.65) (size 0.7 0.7) (drill 0.4) (layers *.Cu *.Mask))
    (pad 1 thru_hole circle (at -1.166726 -1.166726) (size 0.7 0.7) (drill 0.4) (layers *.Cu *.Mask))
    (pad 1 thru_hole circle (at -1.65 0) (size 0.7 0.7) (drill 0.4) (layers *.Cu *.Mask))
    (pad 1 thru_hole circle (at -1.166726 1.166726) (size 0.7 0.7) (drill 0.4) (layers *.Cu *.Mask))
    (pad 1 thru_hole circle (at 0 1.65) (size 0.7 0.7) (drill 0.4) (layers *.Cu *.Mask))
    (pad 1 thru_hole circle (at 1.166726 1.166726) (size 0.7 0.7) (drill 0.4) (layers *.Cu *.Mask))
    (pad 1 thru_hole circle (at 1.65 0) (size 0.7 0.7) (drill 0.4) (layers *.Cu *.Mask))
    (pad 1 thru_hole circle (at 0 0) (size 4.4 4.4) (drill 2.2) (layers *.Cu *.Mask))
  )

  (module MountingHole:MountingHole_2.2mm_M2_Pad_Via (layer F.Cu) (tedit 5B9E15FD) (tstamp 5B9F601A)
    (at 192.5 127.5)
    (descr "Mounting Hole 2.2mm, M2")
    (tags "mounting hole 2.2mm m2")
    (attr virtual)
    (fp_text reference REF** (at 0 -3.2) (layer F.SilkS) hide
      (effects (font (size 1 1) (thickness 0.15)))
    )
    (fp_text value MountingHole_2.2mm_M2_Pad_Via (at 0 3.2) (layer F.Fab)
      (effects (font (size 1 1) (thickness 0.15)))
    )
    (fp_circle (center 0 0) (end 2.45 0) (layer F.CrtYd) (width 0.05))
    (fp_circle (center 0 0) (end 2.2 0) (layer Cmts.User) (width 0.15))
    (fp_text user %R (at 0.3 0) (layer F.Fab)
      (effects (font (size 1 1) (thickness 0.15)))
    )
    (pad 1 thru_hole circle (at 1.166726 -1.166726) (size 0.7 0.7) (drill 0.4) (layers *.Cu *.Mask))
    (pad 1 thru_hole circle (at 0 -1.65) (size 0.7 0.7) (drill 0.4) (layers *.Cu *.Mask))
    (pad 1 thru_hole circle (at -1.166726 -1.166726) (size 0.7 0.7) (drill 0.4) (layers *.Cu *.Mask))
    (pad 1 thru_hole circle (at -1.65 0) (size 0.7 0.7) (drill 0.4) (layers *.Cu *.Mask))
    (pad 1 thru_hole circle (at -1.166726 1.166726) (size 0.7 0.7) (drill 0.4) (layers *.Cu *.Mask))
    (pad 1 thru_hole circle (at 0 1.65) (size 0.7 0.7) (drill 0.4) (layers *.Cu *.Mask))
    (pad 1 thru_hole circle (at 1.166726 1.166726) (size 0.7 0.7) (drill 0.4) (layers *.Cu *.Mask))
    (pad 1 thru_hole circle (at 1.65 0) (size 0.7 0.7) (drill 0.4) (layers *.Cu *.Mask))
    (pad 1 thru_hole circle (at 0 0) (size 4.4 4.4) (drill 2.2) (layers *.Cu *.Mask))
  )

  (module MountingHole:MountingHole_2.2mm_M2_Pad_Via (layer F.Cu) (tedit 5B9E1603) (tstamp 5B9F6039)
    (at 107.5 127.5)
    (descr "Mounting Hole 2.2mm, M2")
    (tags "mounting hole 2.2mm m2")
    (attr virtual)
    (fp_text reference REF** (at 0 -3.2) (layer F.SilkS) hide
      (effects (font (size 1 1) (thickness 0.15)))
    )
    (fp_text value MountingHole_2.2mm_M2_Pad_Via (at 0 3.2) (layer F.Fab)
      (effects (font (size 1 1) (thickness 0.15)))
    )
    (fp_circle (center 0 0) (end 2.45 0) (layer F.CrtYd) (width 0.05))
    (fp_circle (center 0 0) (end 2.2 0) (layer Cmts.User) (width 0.15))
    (fp_text user %R (at 0.3 0) (layer F.Fab)
      (effects (font (size 1 1) (thickness 0.15)))
    )
    (pad 1 thru_hole circle (at 1.166726 -1.166726) (size 0.7 0.7) (drill 0.4) (layers *.Cu *.Mask))
    (pad 1 thru_hole circle (at 0 -1.65) (size 0.7 0.7) (drill 0.4) (layers *.Cu *.Mask))
    (pad 1 thru_hole circle (at -1.166726 -1.166726) (size 0.7 0.7) (drill 0.4) (layers *.Cu *.Mask))
    (pad 1 thru_hole circle (at -1.65 0) (size 0.7 0.7) (drill 0.4) (layers *.Cu *.Mask))
    (pad 1 thru_hole circle (at -1.166726 1.166726) (size 0.7 0.7) (drill 0.4) (layers *.Cu *.Mask))
    (pad 1 thru_hole circle (at 0 1.65) (size 0.7 0.7) (drill 0.4) (layers *.Cu *.Mask))
    (pad 1 thru_hole circle (at 1.166726 1.166726) (size 0.7 0.7) (drill 0.4) (layers *.Cu *.Mask))
    (pad 1 thru_hole circle (at 1.65 0) (size 0.7 0.7) (drill 0.4) (layers *.Cu *.Mask))
    (pad 1 thru_hole circle (at 0 0) (size 4.4 4.4) (drill 2.2) (layers *.Cu *.Mask))
  )

  (module MountingHole:MountingHole_2.2mm_M2_Pad_Via (layer F.Cu) (tedit 5B9E15ED) (tstamp 5B9F6058)
    (at 107.5 77.5)
    (descr "Mounting Hole 2.2mm, M2")
    (tags "mounting hole 2.2mm m2")
    (attr virtual)
    (fp_text reference REF** (at 0 -3.2) (layer F.SilkS) hide
      (effects (font (size 1 1) (thickness 0.15)))
    )
    (fp_text value MountingHole_2.2mm_M2_Pad_Via (at 0 3.2) (layer F.Fab)
      (effects (font (size 1 1) (thickness 0.15)))
    )
    (fp_circle (center 0 0) (end 2.45 0) (layer F.CrtYd) (width 0.05))
    (fp_circle (center 0 0) (end 2.2 0) (layer Cmts.User) (width 0.15))
    (fp_text user %R (at 0.3 0) (layer F.Fab)
      (effects (font (size 1 1) (thickness 0.15)))
    )
    (pad 1 thru_hole circle (at 1.166726 -1.166726) (size 0.7 0.7) (drill 0.4) (layers *.Cu *.Mask))
    (pad 1 thru_hole circle (at 0 -1.65) (size 0.7 0.7) (drill 0.4) (layers *.Cu *.Mask))
    (pad 1 thru_hole circle (at -1.166726 -1.166726) (size 0.7 0.7) (drill 0.4) (layers *.Cu *.Mask))
    (pad 1 thru_hole circle (at -1.65 0) (size 0.7 0.7) (drill 0.4) (layers *.Cu *.Mask))
    (pad 1 thru_hole circle (at -1.166726 1.166726) (size 0.7 0.7) (drill 0.4) (layers *.Cu *.Mask))
    (pad 1 thru_hole circle (at 0 1.65) (size 0.7 0.7) (drill 0.4) (layers *.Cu *.Mask))
    (pad 1 thru_hole circle (at 1.166726 1.166726) (size 0.7 0.7) (drill 0.4) (layers *.Cu *.Mask))
    (pad 1 thru_hole circle (at 1.65 0) (size 0.7 0.7) (drill 0.4) (layers *.Cu *.Mask))
    (pad 1 thru_hole circle (at 0 0) (size 4.4 4.4) (drill 2.2) (layers *.Cu *.Mask))
  )

  (module Beetle:CH25-2032LF (layer F.Cu) (tedit 5B93DBEA) (tstamp 5BA115C9)
    (at 131 102.5)
    (descr http://thierry-lequeu.fr/data/Support-CH25-2032LF.pdf)
    (path /5ADA208C)
    (fp_text reference BT1 (at 0 1) (layer F.SilkS)
      (effects (font (size 1 1) (thickness 0.15)))
    )
    (fp_text value 1V8-3V6 (at 0 -1) (layer F.Fab)
      (effects (font (size 1 1) (thickness 0.15)))
    )
    (fp_text user + (at 0 10) (layer F.SilkS)
      (effects (font (size 1.5 1.5) (thickness 0.15)))
    )
    (fp_line (start -4.3 17.4) (end -4.3 11.65) (layer F.CrtYd) (width 0.05))
    (fp_line (start -4.3 17.4) (end 4.3 17.4) (layer F.CrtYd) (width 0.05))
    (fp_line (start 4.3 17.4) (end 4.3 11.65) (layer F.CrtYd) (width 0.05))
    (fp_line (start -3.3 16.4) (end -3.3 10.9) (layer F.SilkS) (width 0.15))
    (fp_line (start 3.3 16.4) (end 3.3 10.9) (layer F.SilkS) (width 0.15))
    (fp_line (start -3.3 16.4) (end 3.3 16.4) (layer F.SilkS) (width 0.15))
    (fp_arc (start 0 0) (end 4.3 11.65) (angle -159.8) (layer F.CrtYd) (width 0.05))
    (fp_arc (start 0 0) (end -4.3 11.65) (angle 159.8) (layer F.CrtYd) (width 0.05))
    (fp_arc (start 0 0) (end 3.3 10.9) (angle -163.2) (layer F.SilkS) (width 0.15))
    (fp_arc (start 0 0) (end -3.3 10.9) (angle 163.2) (layer F.SilkS) (width 0.15))
    (pad 1 thru_hole rect (at 0 14) (size 2 2) (drill 1) (layers *.Cu *.Mask)
      (net 1 +BATT))
    (pad 2 thru_hole circle (at 0 -6) (size 2 2) (drill 1) (layers *.Cu *.Mask)
      (net 2 GND))
    (pad "" np_thru_hole circle (at 9.6 0) (size 1.5 1.5) (drill 1.5) (layers *.Cu *.Mask))
    (pad "" np_thru_hole circle (at -4.4 8.1) (size 1.5 1.5) (drill 1.5) (layers *.Cu *.Mask))
    (pad "" np_thru_hole circle (at -4.4 -8.1) (size 1.5 1.5) (drill 1.5) (layers *.Cu *.Mask))
  )

  (module Capacitor_SMD:C_0805_2012Metric (layer F.Cu) (tedit 5B36C52B) (tstamp 5B9F7A96)
    (at 55.535 54.975)
    (descr "Capacitor SMD 0805 (2012 Metric), square (rectangular) end terminal, IPC_7351 nominal, (Body size source: https://docs.google.com/spreadsheets/d/1BsfQQcO9C6DZCsRaXUlFlo91Tg2WpOkGARC1WS5S8t0/edit?usp=sharing), generated with kicad-footprint-generator")
    (tags capacitor)
    (path /5BD4220D)
    (attr smd)
    (fp_text reference C1 (at 0 -1.65) (layer F.SilkS)
      (effects (font (size 1 1) (thickness 0.15)))
    )
    (fp_text value 100nF (at 0 1.65) (layer F.Fab)
      (effects (font (size 1 1) (thickness 0.15)))
    )
    (fp_line (start -1 0.6) (end -1 -0.6) (layer F.Fab) (width 0.1))
    (fp_line (start -1 -0.6) (end 1 -0.6) (layer F.Fab) (width 0.1))
    (fp_line (start 1 -0.6) (end 1 0.6) (layer F.Fab) (width 0.1))
    (fp_line (start 1 0.6) (end -1 0.6) (layer F.Fab) (width 0.1))
    (fp_line (start -0.258578 -0.71) (end 0.258578 -0.71) (layer F.SilkS) (width 0.12))
    (fp_line (start -0.258578 0.71) (end 0.258578 0.71) (layer F.SilkS) (width 0.12))
    (fp_line (start -1.68 0.95) (end -1.68 -0.95) (layer F.CrtYd) (width 0.05))
    (fp_line (start -1.68 -0.95) (end 1.68 -0.95) (layer F.CrtYd) (width 0.05))
    (fp_line (start 1.68 -0.95) (end 1.68 0.95) (layer F.CrtYd) (width 0.05))
    (fp_line (start 1.68 0.95) (end -1.68 0.95) (layer F.CrtYd) (width 0.05))
    (fp_text user %R (at 0 0) (layer F.Fab)
      (effects (font (size 0.5 0.5) (thickness 0.08)))
    )
    (pad 1 smd roundrect (at -0.9375 0) (size 0.975 1.4) (layers F.Cu F.Paste F.Mask) (roundrect_rratio 0.25)
      (net 3 "Net-(C1-Pad1)"))
    (pad 2 smd roundrect (at 0.9375 0) (size 0.975 1.4) (layers F.Cu F.Paste F.Mask) (roundrect_rratio 0.25)
      (net 2 GND))
    (model ${KISYS3DMOD}/Capacitor_SMD.3dshapes/C_0805_2012Metric.wrl
      (at (xyz 0 0 0))
      (scale (xyz 1 1 1))
      (rotate (xyz 0 0 0))
    )
  )

  (module Capacitor_SMD:C_0805_2012Metric (layer B.Cu) (tedit 5B36C52B) (tstamp 5BA0E5F1)
    (at 152 99.25 270)
    (descr "Capacitor SMD 0805 (2012 Metric), square (rectangular) end terminal, IPC_7351 nominal, (Body size source: https://docs.google.com/spreadsheets/d/1BsfQQcO9C6DZCsRaXUlFlo91Tg2WpOkGARC1WS5S8t0/edit?usp=sharing), generated with kicad-footprint-generator")
    (tags capacitor)
    (path /5AD9FE59)
    (attr smd)
    (fp_text reference C2 (at 0 1.65 270) (layer B.SilkS)
      (effects (font (size 1 1) (thickness 0.15)) (justify mirror))
    )
    (fp_text value 100nF (at 0 -1.65 270) (layer B.Fab)
      (effects (font (size 1 1) (thickness 0.15)) (justify mirror))
    )
    (fp_line (start -1 -0.6) (end -1 0.6) (layer B.Fab) (width 0.1))
    (fp_line (start -1 0.6) (end 1 0.6) (layer B.Fab) (width 0.1))
    (fp_line (start 1 0.6) (end 1 -0.6) (layer B.Fab) (width 0.1))
    (fp_line (start 1 -0.6) (end -1 -0.6) (layer B.Fab) (width 0.1))
    (fp_line (start -0.258578 0.71) (end 0.258578 0.71) (layer B.SilkS) (width 0.12))
    (fp_line (start -0.258578 -0.71) (end 0.258578 -0.71) (layer B.SilkS) (width 0.12))
    (fp_line (start -1.68 -0.95) (end -1.68 0.95) (layer B.CrtYd) (width 0.05))
    (fp_line (start -1.68 0.95) (end 1.68 0.95) (layer B.CrtYd) (width 0.05))
    (fp_line (start 1.68 0.95) (end 1.68 -0.95) (layer B.CrtYd) (width 0.05))
    (fp_line (start 1.68 -0.95) (end -1.68 -0.95) (layer B.CrtYd) (width 0.05))
    (fp_text user %R (at 0 0 270) (layer B.Fab)
      (effects (font (size 0.5 0.5) (thickness 0.08)) (justify mirror))
    )
    (pad 1 smd roundrect (at -0.9375 0 270) (size 0.975 1.4) (layers B.Cu B.Paste B.Mask) (roundrect_rratio 0.25)
      (net 4 VCC))
    (pad 2 smd roundrect (at 0.9375 0 270) (size 0.975 1.4) (layers B.Cu B.Paste B.Mask) (roundrect_rratio 0.25)
      (net 2 GND))
    (model ${KISYS3DMOD}/Capacitor_SMD.3dshapes/C_0805_2012Metric.wrl
      (at (xyz 0 0 0))
      (scale (xyz 1 1 1))
      (rotate (xyz 0 0 0))
    )
  )

  (module Capacitor_SMD:C_0805_2012Metric (layer B.Cu) (tedit 5B36C52B) (tstamp 5BA0DD4D)
    (at 153.25 104.5 180)
    (descr "Capacitor SMD 0805 (2012 Metric), square (rectangular) end terminal, IPC_7351 nominal, (Body size source: https://docs.google.com/spreadsheets/d/1BsfQQcO9C6DZCsRaXUlFlo91Tg2WpOkGARC1WS5S8t0/edit?usp=sharing), generated with kicad-footprint-generator")
    (tags capacitor)
    (path /5AD9FEF2)
    (attr smd)
    (fp_text reference C3 (at 0 1.65 180) (layer B.SilkS)
      (effects (font (size 1 1) (thickness 0.15)) (justify mirror))
    )
    (fp_text value 100nF (at 0 -1.65 180) (layer B.Fab)
      (effects (font (size 1 1) (thickness 0.15)) (justify mirror))
    )
    (fp_text user %R (at 0 0 180) (layer B.Fab)
      (effects (font (size 0.5 0.5) (thickness 0.08)) (justify mirror))
    )
    (fp_line (start 1.68 -0.95) (end -1.68 -0.95) (layer B.CrtYd) (width 0.05))
    (fp_line (start 1.68 0.95) (end 1.68 -0.95) (layer B.CrtYd) (width 0.05))
    (fp_line (start -1.68 0.95) (end 1.68 0.95) (layer B.CrtYd) (width 0.05))
    (fp_line (start -1.68 -0.95) (end -1.68 0.95) (layer B.CrtYd) (width 0.05))
    (fp_line (start -0.258578 -0.71) (end 0.258578 -0.71) (layer B.SilkS) (width 0.12))
    (fp_line (start -0.258578 0.71) (end 0.258578 0.71) (layer B.SilkS) (width 0.12))
    (fp_line (start 1 -0.6) (end -1 -0.6) (layer B.Fab) (width 0.1))
    (fp_line (start 1 0.6) (end 1 -0.6) (layer B.Fab) (width 0.1))
    (fp_line (start -1 0.6) (end 1 0.6) (layer B.Fab) (width 0.1))
    (fp_line (start -1 -0.6) (end -1 0.6) (layer B.Fab) (width 0.1))
    (pad 2 smd roundrect (at 0.9375 0 180) (size 0.975 1.4) (layers B.Cu B.Paste B.Mask) (roundrect_rratio 0.25)
      (net 2 GND))
    (pad 1 smd roundrect (at -0.9375 0 180) (size 0.975 1.4) (layers B.Cu B.Paste B.Mask) (roundrect_rratio 0.25)
      (net 4 VCC))
    (model ${KISYS3DMOD}/Capacitor_SMD.3dshapes/C_0805_2012Metric.wrl
      (at (xyz 0 0 0))
      (scale (xyz 1 1 1))
      (rotate (xyz 0 0 0))
    )
  )

  (module Capacitor_SMD:C_0805_2012Metric (layer B.Cu) (tedit 5B36C52B) (tstamp 5B9F7AC9)
    (at 146.75 100.5)
    (descr "Capacitor SMD 0805 (2012 Metric), square (rectangular) end terminal, IPC_7351 nominal, (Body size source: https://docs.google.com/spreadsheets/d/1BsfQQcO9C6DZCsRaXUlFlo91Tg2WpOkGARC1WS5S8t0/edit?usp=sharing), generated with kicad-footprint-generator")
    (tags capacitor)
    (path /5AD9FF67)
    (attr smd)
    (fp_text reference C4 (at 0 1.65) (layer B.SilkS)
      (effects (font (size 1 1) (thickness 0.15)) (justify mirror))
    )
    (fp_text value 100nF (at 0 -1.65) (layer B.Fab)
      (effects (font (size 1 1) (thickness 0.15)) (justify mirror))
    )
    (fp_line (start -1 -0.6) (end -1 0.6) (layer B.Fab) (width 0.1))
    (fp_line (start -1 0.6) (end 1 0.6) (layer B.Fab) (width 0.1))
    (fp_line (start 1 0.6) (end 1 -0.6) (layer B.Fab) (width 0.1))
    (fp_line (start 1 -0.6) (end -1 -0.6) (layer B.Fab) (width 0.1))
    (fp_line (start -0.258578 0.71) (end 0.258578 0.71) (layer B.SilkS) (width 0.12))
    (fp_line (start -0.258578 -0.71) (end 0.258578 -0.71) (layer B.SilkS) (width 0.12))
    (fp_line (start -1.68 -0.95) (end -1.68 0.95) (layer B.CrtYd) (width 0.05))
    (fp_line (start -1.68 0.95) (end 1.68 0.95) (layer B.CrtYd) (width 0.05))
    (fp_line (start 1.68 0.95) (end 1.68 -0.95) (layer B.CrtYd) (width 0.05))
    (fp_line (start 1.68 -0.95) (end -1.68 -0.95) (layer B.CrtYd) (width 0.05))
    (fp_text user %R (at 0 0) (layer B.Fab)
      (effects (font (size 0.5 0.5) (thickness 0.08)) (justify mirror))
    )
    (pad 1 smd roundrect (at -0.9375 0) (size 0.975 1.4) (layers B.Cu B.Paste B.Mask) (roundrect_rratio 0.25)
      (net 4 VCC))
    (pad 2 smd roundrect (at 0.9375 0) (size 0.975 1.4) (layers B.Cu B.Paste B.Mask) (roundrect_rratio 0.25)
      (net 2 GND))
    (model ${KISYS3DMOD}/Capacitor_SMD.3dshapes/C_0805_2012Metric.wrl
      (at (xyz 0 0 0))
      (scale (xyz 1 1 1))
      (rotate (xyz 0 0 0))
    )
  )

  (module Capacitor_Tantalum_SMD:CP_EIA-3216-12_Kemet-S (layer F.Cu) (tedit 5B301BBE) (tstamp 5B9F7ADC)
    (at 24.45 52.685)
    (descr "Tantalum Capacitor SMD Kemet-S (3216-12 Metric), IPC_7351 nominal, (Body size from: http://www.kemet.com/Lists/ProductCatalog/Attachments/253/KEM_TC101_STD.pdf), generated with kicad-footprint-generator")
    (tags "capacitor tantalum")
    (path /5ADA25BE)
    (attr smd)
    (fp_text reference C5 (at 0 -1.75) (layer F.SilkS)
      (effects (font (size 1 1) (thickness 0.15)))
    )
    (fp_text value 1uF (at 0 1.75) (layer F.Fab)
      (effects (font (size 1 1) (thickness 0.15)))
    )
    (fp_line (start 1.6 -0.8) (end -1.2 -0.8) (layer F.Fab) (width 0.1))
    (fp_line (start -1.2 -0.8) (end -1.6 -0.4) (layer F.Fab) (width 0.1))
    (fp_line (start -1.6 -0.4) (end -1.6 0.8) (layer F.Fab) (width 0.1))
    (fp_line (start -1.6 0.8) (end 1.6 0.8) (layer F.Fab) (width 0.1))
    (fp_line (start 1.6 0.8) (end 1.6 -0.8) (layer F.Fab) (width 0.1))
    (fp_line (start 1.6 -0.935) (end -2.31 -0.935) (layer F.SilkS) (width 0.12))
    (fp_line (start -2.31 -0.935) (end -2.31 0.935) (layer F.SilkS) (width 0.12))
    (fp_line (start -2.31 0.935) (end 1.6 0.935) (layer F.SilkS) (width 0.12))
    (fp_line (start -2.3 1.05) (end -2.3 -1.05) (layer F.CrtYd) (width 0.05))
    (fp_line (start -2.3 -1.05) (end 2.3 -1.05) (layer F.CrtYd) (width 0.05))
    (fp_line (start 2.3 -1.05) (end 2.3 1.05) (layer F.CrtYd) (width 0.05))
    (fp_line (start 2.3 1.05) (end -2.3 1.05) (layer F.CrtYd) (width 0.05))
    (fp_text user %R (at 0 0) (layer F.Fab)
      (effects (font (size 0.8 0.8) (thickness 0.12)))
    )
    (pad 1 smd roundrect (at -1.35 0) (size 1.4 1.35) (layers F.Cu F.Paste F.Mask) (roundrect_rratio 0.185185)
      (net 5 VDDA))
    (pad 2 smd roundrect (at 1.35 0) (size 1.4 1.35) (layers F.Cu F.Paste F.Mask) (roundrect_rratio 0.185185)
      (net 2 GND))
    (model ${KISYS3DMOD}/Capacitor_Tantalum_SMD.3dshapes/CP_EIA-3216-12_Kemet-S.wrl
      (at (xyz 0 0 0))
      (scale (xyz 1 1 1))
      (rotate (xyz 0 0 0))
    )
  )

  (module Capacitor_SMD:C_0805_2012Metric (layer F.Cu) (tedit 5B36C52B) (tstamp 5B9F7AED)
    (at 58.985 53.375)
    (descr "Capacitor SMD 0805 (2012 Metric), square (rectangular) end terminal, IPC_7351 nominal, (Body size source: https://docs.google.com/spreadsheets/d/1BsfQQcO9C6DZCsRaXUlFlo91Tg2WpOkGARC1WS5S8t0/edit?usp=sharing), generated with kicad-footprint-generator")
    (tags capacitor)
    (path /5AD9FFBB)
    (attr smd)
    (fp_text reference C6 (at 0 -1.65) (layer F.SilkS)
      (effects (font (size 1 1) (thickness 0.15)))
    )
    (fp_text value 100nF (at 0 1.65) (layer F.Fab)
      (effects (font (size 1 1) (thickness 0.15)))
    )
    (fp_text user %R (at 0 0) (layer F.Fab)
      (effects (font (size 0.5 0.5) (thickness 0.08)))
    )
    (fp_line (start 1.68 0.95) (end -1.68 0.95) (layer F.CrtYd) (width 0.05))
    (fp_line (start 1.68 -0.95) (end 1.68 0.95) (layer F.CrtYd) (width 0.05))
    (fp_line (start -1.68 -0.95) (end 1.68 -0.95) (layer F.CrtYd) (width 0.05))
    (fp_line (start -1.68 0.95) (end -1.68 -0.95) (layer F.CrtYd) (width 0.05))
    (fp_line (start -0.258578 0.71) (end 0.258578 0.71) (layer F.SilkS) (width 0.12))
    (fp_line (start -0.258578 -0.71) (end 0.258578 -0.71) (layer F.SilkS) (width 0.12))
    (fp_line (start 1 0.6) (end -1 0.6) (layer F.Fab) (width 0.1))
    (fp_line (start 1 -0.6) (end 1 0.6) (layer F.Fab) (width 0.1))
    (fp_line (start -1 -0.6) (end 1 -0.6) (layer F.Fab) (width 0.1))
    (fp_line (start -1 0.6) (end -1 -0.6) (layer F.Fab) (width 0.1))
    (pad 2 smd roundrect (at 0.9375 0) (size 0.975 1.4) (layers F.Cu F.Paste F.Mask) (roundrect_rratio 0.25)
      (net 2 GND))
    (pad 1 smd roundrect (at -0.9375 0) (size 0.975 1.4) (layers F.Cu F.Paste F.Mask) (roundrect_rratio 0.25)
      (net 5 VDDA))
    (model ${KISYS3DMOD}/Capacitor_SMD.3dshapes/C_0805_2012Metric.wrl
      (at (xyz 0 0 0))
      (scale (xyz 1 1 1))
      (rotate (xyz 0 0 0))
    )
  )

  (module Capacitor_SMD:C_0805_2012Metric (layer F.Cu) (tedit 5B36C52B) (tstamp 5B9F7AFE)
    (at 142.75 112.75)
    (descr "Capacitor SMD 0805 (2012 Metric), square (rectangular) end terminal, IPC_7351 nominal, (Body size source: https://docs.google.com/spreadsheets/d/1BsfQQcO9C6DZCsRaXUlFlo91Tg2WpOkGARC1WS5S8t0/edit?usp=sharing), generated with kicad-footprint-generator")
    (tags capacitor)
    (path /5AD9B95E)
    (attr smd)
    (fp_text reference C7 (at 0 -1.5) (layer F.SilkS)
      (effects (font (size 1 1) (thickness 0.15)))
    )
    (fp_text value 22pF (at 0 1.65) (layer F.Fab)
      (effects (font (size 1 1) (thickness 0.15)))
    )
    (fp_line (start -1 0.6) (end -1 -0.6) (layer F.Fab) (width 0.1))
    (fp_line (start -1 -0.6) (end 1 -0.6) (layer F.Fab) (width 0.1))
    (fp_line (start 1 -0.6) (end 1 0.6) (layer F.Fab) (width 0.1))
    (fp_line (start 1 0.6) (end -1 0.6) (layer F.Fab) (width 0.1))
    (fp_line (start -0.258578 -0.71) (end 0.258578 -0.71) (layer F.SilkS) (width 0.12))
    (fp_line (start -0.258578 0.71) (end 0.258578 0.71) (layer F.SilkS) (width 0.12))
    (fp_line (start -1.68 0.95) (end -1.68 -0.95) (layer F.CrtYd) (width 0.05))
    (fp_line (start -1.68 -0.95) (end 1.68 -0.95) (layer F.CrtYd) (width 0.05))
    (fp_line (start 1.68 -0.95) (end 1.68 0.95) (layer F.CrtYd) (width 0.05))
    (fp_line (start 1.68 0.95) (end -1.68 0.95) (layer F.CrtYd) (width 0.05))
    (fp_text user %R (at 0 0) (layer F.Fab)
      (effects (font (size 0.5 0.5) (thickness 0.08)))
    )
    (pad 1 smd roundrect (at -0.9375 0) (size 0.975 1.4) (layers F.Cu F.Paste F.Mask) (roundrect_rratio 0.25)
      (net 6 "Net-(C7-Pad1)"))
    (pad 2 smd roundrect (at 0.9375 0) (size 0.975 1.4) (layers F.Cu F.Paste F.Mask) (roundrect_rratio 0.25)
      (net 2 GND))
    (model ${KISYS3DMOD}/Capacitor_SMD.3dshapes/C_0805_2012Metric.wrl
      (at (xyz 0 0 0))
      (scale (xyz 1 1 1))
      (rotate (xyz 0 0 0))
    )
  )

  (module Capacitor_SMD:C_0805_2012Metric (layer F.Cu) (tedit 5B36C52B) (tstamp 5B9F7B0F)
    (at 147.25 112.75 180)
    (descr "Capacitor SMD 0805 (2012 Metric), square (rectangular) end terminal, IPC_7351 nominal, (Body size source: https://docs.google.com/spreadsheets/d/1BsfQQcO9C6DZCsRaXUlFlo91Tg2WpOkGARC1WS5S8t0/edit?usp=sharing), generated with kicad-footprint-generator")
    (tags capacitor)
    (path /5AD9B811)
    (attr smd)
    (fp_text reference C8 (at 0 1.5 180) (layer F.SilkS)
      (effects (font (size 1 1) (thickness 0.15)))
    )
    (fp_text value 22pF (at 0 1.65 180) (layer F.Fab)
      (effects (font (size 1 1) (thickness 0.15)))
    )
    (fp_line (start -1 0.6) (end -1 -0.6) (layer F.Fab) (width 0.1))
    (fp_line (start -1 -0.6) (end 1 -0.6) (layer F.Fab) (width 0.1))
    (fp_line (start 1 -0.6) (end 1 0.6) (layer F.Fab) (width 0.1))
    (fp_line (start 1 0.6) (end -1 0.6) (layer F.Fab) (width 0.1))
    (fp_line (start -0.258578 -0.71) (end 0.258578 -0.71) (layer F.SilkS) (width 0.12))
    (fp_line (start -0.258578 0.71) (end 0.258578 0.71) (layer F.SilkS) (width 0.12))
    (fp_line (start -1.68 0.95) (end -1.68 -0.95) (layer F.CrtYd) (width 0.05))
    (fp_line (start -1.68 -0.95) (end 1.68 -0.95) (layer F.CrtYd) (width 0.05))
    (fp_line (start 1.68 -0.95) (end 1.68 0.95) (layer F.CrtYd) (width 0.05))
    (fp_line (start 1.68 0.95) (end -1.68 0.95) (layer F.CrtYd) (width 0.05))
    (fp_text user %R (at 0 0 180) (layer F.Fab)
      (effects (font (size 0.5 0.5) (thickness 0.08)))
    )
    (pad 1 smd roundrect (at -0.9375 0 180) (size 0.975 1.4) (layers F.Cu F.Paste F.Mask) (roundrect_rratio 0.25)
      (net 7 "Net-(C8-Pad1)"))
    (pad 2 smd roundrect (at 0.9375 0 180) (size 0.975 1.4) (layers F.Cu F.Paste F.Mask) (roundrect_rratio 0.25)
      (net 2 GND))
    (model ${KISYS3DMOD}/Capacitor_SMD.3dshapes/C_0805_2012Metric.wrl
      (at (xyz 0 0 0))
      (scale (xyz 1 1 1))
      (rotate (xyz 0 0 0))
    )
  )

  (module Capacitor_SMD:C_0805_2012Metric (layer B.Cu) (tedit 5B36C52B) (tstamp 5B9F7B20)
    (at 135.4 119.1875 270)
    (descr "Capacitor SMD 0805 (2012 Metric), square (rectangular) end terminal, IPC_7351 nominal, (Body size source: https://docs.google.com/spreadsheets/d/1BsfQQcO9C6DZCsRaXUlFlo91Tg2WpOkGARC1WS5S8t0/edit?usp=sharing), generated with kicad-footprint-generator")
    (tags capacitor)
    (path /5ADCC6A9)
    (attr smd)
    (fp_text reference C9 (at 0 1.65 270) (layer B.SilkS)
      (effects (font (size 1 1) (thickness 0.15)) (justify mirror))
    )
    (fp_text value 10pF (at 0 -1.65 270) (layer B.Fab)
      (effects (font (size 1 1) (thickness 0.15)) (justify mirror))
    )
    (fp_line (start -1 -0.6) (end -1 0.6) (layer B.Fab) (width 0.1))
    (fp_line (start -1 0.6) (end 1 0.6) (layer B.Fab) (width 0.1))
    (fp_line (start 1 0.6) (end 1 -0.6) (layer B.Fab) (width 0.1))
    (fp_line (start 1 -0.6) (end -1 -0.6) (layer B.Fab) (width 0.1))
    (fp_line (start -0.258578 0.71) (end 0.258578 0.71) (layer B.SilkS) (width 0.12))
    (fp_line (start -0.258578 -0.71) (end 0.258578 -0.71) (layer B.SilkS) (width 0.12))
    (fp_line (start -1.68 -0.95) (end -1.68 0.95) (layer B.CrtYd) (width 0.05))
    (fp_line (start -1.68 0.95) (end 1.68 0.95) (layer B.CrtYd) (width 0.05))
    (fp_line (start 1.68 0.95) (end 1.68 -0.95) (layer B.CrtYd) (width 0.05))
    (fp_line (start 1.68 -0.95) (end -1.68 -0.95) (layer B.CrtYd) (width 0.05))
    (fp_text user %R (at 0 0 270) (layer B.Fab)
      (effects (font (size 0.5 0.5) (thickness 0.08)) (justify mirror))
    )
    (pad 1 smd roundrect (at -0.9375 0 270) (size 0.975 1.4) (layers B.Cu B.Paste B.Mask) (roundrect_rratio 0.25)
      (net 8 "Net-(C9-Pad1)"))
    (pad 2 smd roundrect (at 0.9375 0 270) (size 0.975 1.4) (layers B.Cu B.Paste B.Mask) (roundrect_rratio 0.25)
      (net 2 GND))
    (model ${KISYS3DMOD}/Capacitor_SMD.3dshapes/C_0805_2012Metric.wrl
      (at (xyz 0 0 0))
      (scale (xyz 1 1 1))
      (rotate (xyz 0 0 0))
    )
  )

  (module Capacitor_SMD:C_0805_2012Metric (layer B.Cu) (tedit 5BB0A8F4) (tstamp 5BA1223B)
    (at 137.5 119.1875 270)
    (descr "Capacitor SMD 0805 (2012 Metric), square (rectangular) end terminal, IPC_7351 nominal, (Body size source: https://docs.google.com/spreadsheets/d/1BsfQQcO9C6DZCsRaXUlFlo91Tg2WpOkGARC1WS5S8t0/edit?usp=sharing), generated with kicad-footprint-generator")
    (tags capacitor)
    (path /5ADCC6A3)
    (attr smd)
    (fp_text reference C10 (at 0 -1.65 270) (layer B.SilkS)
      (effects (font (size 1 1) (thickness 0.15)) (justify mirror))
    )
    (fp_text value 10pF (at 0 -1.65 270) (layer B.Fab)
      (effects (font (size 1 1) (thickness 0.15)) (justify mirror))
    )
    (fp_text user %R (at 0 0 270) (layer B.Fab)
      (effects (font (size 0.5 0.5) (thickness 0.08)) (justify mirror))
    )
    (fp_line (start 1.68 -0.95) (end -1.68 -0.95) (layer B.CrtYd) (width 0.05))
    (fp_line (start 1.68 0.95) (end 1.68 -0.95) (layer B.CrtYd) (width 0.05))
    (fp_line (start -1.68 0.95) (end 1.68 0.95) (layer B.CrtYd) (width 0.05))
    (fp_line (start -1.68 -0.95) (end -1.68 0.95) (layer B.CrtYd) (width 0.05))
    (fp_line (start -0.258578 -0.71) (end 0.258578 -0.71) (layer B.SilkS) (width 0.12))
    (fp_line (start -0.258578 0.71) (end 0.258578 0.71) (layer B.SilkS) (width 0.12))
    (fp_line (start 1 -0.6) (end -1 -0.6) (layer B.Fab) (width 0.1))
    (fp_line (start 1 0.6) (end 1 -0.6) (layer B.Fab) (width 0.1))
    (fp_line (start -1 0.6) (end 1 0.6) (layer B.Fab) (width 0.1))
    (fp_line (start -1 -0.6) (end -1 0.6) (layer B.Fab) (width 0.1))
    (pad 2 smd roundrect (at 0.9375 0 270) (size 0.975 1.4) (layers B.Cu B.Paste B.Mask) (roundrect_rratio 0.25)
      (net 2 GND))
    (pad 1 smd roundrect (at -0.9375 0 270) (size 0.975 1.4) (layers B.Cu B.Paste B.Mask) (roundrect_rratio 0.25)
      (net 9 "Net-(C10-Pad1)"))
    (model ${KISYS3DMOD}/Capacitor_SMD.3dshapes/C_0805_2012Metric.wrl
      (at (xyz 0 0 0))
      (scale (xyz 1 1 1))
      (rotate (xyz 0 0 0))
    )
  )

  (module Capacitor_SMD:C_0805_2012Metric (layer F.Cu) (tedit 5B36C52B) (tstamp 5B9F7B42)
    (at 58.985 51.425)
    (descr "Capacitor SMD 0805 (2012 Metric), square (rectangular) end terminal, IPC_7351 nominal, (Body size source: https://docs.google.com/spreadsheets/d/1BsfQQcO9C6DZCsRaXUlFlo91Tg2WpOkGARC1WS5S8t0/edit?usp=sharing), generated with kicad-footprint-generator")
    (tags capacitor)
    (path /5ADC8253)
    (attr smd)
    (fp_text reference C11 (at 0 -1.65) (layer F.SilkS)
      (effects (font (size 1 1) (thickness 0.15)))
    )
    (fp_text value 100nF (at 0 1.65) (layer F.Fab)
      (effects (font (size 1 1) (thickness 0.15)))
    )
    (fp_text user %R (at 0 0) (layer F.Fab)
      (effects (font (size 0.5 0.5) (thickness 0.08)))
    )
    (fp_line (start 1.68 0.95) (end -1.68 0.95) (layer F.CrtYd) (width 0.05))
    (fp_line (start 1.68 -0.95) (end 1.68 0.95) (layer F.CrtYd) (width 0.05))
    (fp_line (start -1.68 -0.95) (end 1.68 -0.95) (layer F.CrtYd) (width 0.05))
    (fp_line (start -1.68 0.95) (end -1.68 -0.95) (layer F.CrtYd) (width 0.05))
    (fp_line (start -0.258578 0.71) (end 0.258578 0.71) (layer F.SilkS) (width 0.12))
